412
406
391
390
388
387
385
393
397
402
400
400
400
398
397
396
395
394
393
392
391
390
169
382
435
420
410
404
399
395
392
388
385
382
379
129
324
417
407
396
389
385
382
379
377
375
373
371
370
369
367
366
364
363
362
363
158
336
409
395
384
375
370
367
363
361
359
357
355
353
352
351
347
170
353
392
378
368
361
356
354
351
350
348
346
345
344
343
341
340
338
338
337
336
336
334
334
333
332
331
331
330
329
328
328
327
327
326
325
325
325
324
324
323
323
322
179
342
374
365
356
350
345
343
341
339
338
336
336
242
356
366
358
349
344
340
337
335
333
332
330
330
329
329
329
328
328
327
326
325
325
324
141
310
369
363
353
345
340
337
334
333
331
330
330
329
328
92 
90
57
56
57
58
58
86
77
87
88
88
90
89
88
89
89
88
88
89
88
87
77
65
65
65
66
67
65
66
65
64
64
64
65
82
70
67
68
69
67
70
68
69
68
68
69
67
69
67
68
68
67
68
67
73
69
60
64
63
62
64
63
61
63
62
61
62
62
62
61
64
63
60
57
57
57
56
56
56
54
55
56
57
57
56
55
56
57
57
56
56
54
56
56
57
57
57
55
55
56
57
57
55
56
57
56
55
56
56
55
57
56
55
56
57
61
61
61
62
62
62
61
61
61
62
63
61
61
53
52
52
56
55
55
56
55
56
57
55
55
55
56
55
55
56
56
55
55
56
54
55
60
64
65
63
63
64
64
64
64
63
62
64
63
74
61
412
406
391
390
388
387
385
393
397
402
400
400
400
398
397
396
395
394
393
392
391
390
169
382
435
420
410
404
399
395
392
388
385
382
379
129
324
417
407
396
389
385
382
379
377
375
373
371
370
369
367
366
364
363
362
363
158
336
409
395
384
375
370
367
363
361
359
357
355
353
352
351
347
170
353
392
378
368
361
356
354
351
350
348
346
345
344
343
341
340
338
338
337
336
336
334
334
333
332
331
331
330
329
328
328
327
327
326
325
325
325
324
324
323
323
322
179
342
374
365
356
350
345
343
341
339
338
336
336
242
356
366
358
349
344
340
337
335
333
332
330
330
329
329
329
328
328
327
326
325
325
324
141
310
369
363
353
345
340
337
334
333
331
330
330
329
328
90
87
86
87
88
88
86
87
87
88
88
90
89
88
89
89
88
88
89
88
87
77
85
85
85
86
87
85
86
85
84
84
84
85
82
80
87
88
89
87
80
88
89
88
88
89
87
89
87
88
88
87
88
87
83
89
90
94
93
92
94
93
91
93
92
91
92
92
92
91
94
93
90
97
97
87
86
86
86
84
85
86
87
87
86
85
86
87
87
86
86
84
86
86
87
97
87
95
85
86
87
87
85
96
87
86
95
76
76
85
87
86
95
86
87
81
81
81
82
82
82
81
81
81
82
83
81
91
83
82
82
86
85
85
86
85
86
97
85
85
85
56
85
85
86
86
85
85
86
84
85
80
84
85
83
83
84
84
94
94
93
92
64
83
84
91
90


